100 0.7770627286275572
101 0.7820078580138192
102 0.7778824007587046
103 0.7811746375829833
104 0.7836472022761144
105 0.7820078580138192
106 0.788612654111909
107 0.7845142934561713
108 0.7837149437745563
109 0.7804227069502777
110 0.783701395474868
111 0.7812152824820485
112 0.7837081696247121
113 0.783701395474868
114 0.7820417287630401
115 0.7779298198076141
116 0.7796030348191302
117 0.7763107979948517
118 0.7779636905568351
119 0.782068825362417
120 0.7861807343178431
121 0.7837217179244005
122 0.7869868581493022
123 0.7812356049315811
124 0.7878065302804498
125 0.7828817233437203
126 0.7779433681073026
127 0.7845278417558597
128 0.782868175044032
129 0.7837217179244005
130 0.7853678363365397
131 0.7886397507112857
132 0.7861807343178431
133 0.7829223682427855
134 0.7886532990109741
135 0.7862213792169083
136 0.7861875084676873
137 0.7845346159057038
138 0.7829155940929413
139 0.7796098089689745
140 0.7862281533667526
141 0.7861875084676873
142 0.7771372442758434
143 0.7878539493293591
144 0.7812762498306463
145 0.782068825362417
146 0.7837081696247121
147 0.7878607234792033
148 0.7853746104863839
149 0.7894932935916541
150 0.7919726324346295
151 0.7837352662240888
152 0.7919794065844737
153 0.7853746104863839
154 0.7853678363365397
155 0.7853813846362281
156 0.7919658582847852
157 0.7878539493293591
158 0.7894729711421217
159 0.7911394120037935
160 0.7878607234792033
161 0.7829088199430971
162 0.7878268527299824
163 0.7944316488280722
164 0.7919319875355643
165 0.7993496816149573
166 0.7969042135212031
167 0.7927652079664002
168 0.7911258637041051
169 0.8009890258772524
170 0.7976900149031296
171 0.7976967890529738
172 0.796904213521203
173 0.799336133315269
174 0.7968771169218263
175 0.8001625795962607
176 0.799336133315269
177 0.7977238856523506
178 0.8051009348326785
179 0.8083999458068014
180 0.7927719821162443
181 0.8092263920877929
182 0.8067673756943503
183 0.8059206069638261
184 0.8083796233572687
185 0.806753827394662
186 0.8100460642189405
187 0.8042677144018425
188 0.804281262701531
189 0.8051009348326785
190 0.8067809239940388
191 0.8083999458068012
192 0.8075802736756537
193 0.811698956780924
194 0.8059409294133586
195 0.8141918439235877
196 0.8100528383687846
197 0.8067470532448178
198 0.8108725104999323
199 0.8125254030619157
200 0.8026283701395475
201 0.8067538273946621
202 0.8083999458068014
203 0.8108725104999323
204 0.8034615905703835
205 0.8051212572822111
206 0.8100731608183173
207 0.8067741498441945
208 0.8092128437881045
209 0.8017951497087115
210 0.8026351442893918
211 0.8092060696382605
212 0.8059341552635144
213 0.8100257417694079
214 0.8034344939710067
215 0.8059544777130471
216 0.8034548164205393
217 0.8059138328139819
218 0.7968771169218264
219 0.7976967890529739
220 0.7976967890529738
221 0.7993564557648015
222 0.8026351442893918
223 0.7976967890529739
224 0.8100392900690963
225 0.8026419184392358
226 0.8075531770762769
227 0.8026419184392358
228 0.8050941606828342
229 0.8067199566454409
230 0.7985096870342772
231 0.8050941606828342
232 0.8018019238585558
233 0.798536783633654
234 0.8059138328139819
235 0.8034412681208509
236 0.8051009348326786
237 0.8083796233572687
238 0.8017883755588674
239 0.8034548164205392
240 0.8001625795962607
241 0.8009822517274083
242 0.7968771169218263
243 0.8067267307952852
244 0.8009822517274081
245 0.8108454139005555
246 0.7993293591654248
247 0.8018086980084
248 0.8026012735401707
249 0.8026012735401707
250 0.802608047690015
251 0.8050941606828343
252 0.8100121934697195
253 0.7968635686221379
254 0.8067335049451294
255 0.8009348326784987
256 0.8058935103644492
257 0.8017883755588674
258 0.7985029128844331
259 0.8083457526080478
260 0.8001625795962607
261 0.8009890258772524
262 0.8091383281398186
263 0.8100257417694079
264 0.8058867362146052
265 0.7935442351984826
266 0.8083796233572687
267 0.8067267307952852
268 0.8034548164205392
269 0.8026215959897034
270 0.8075328546267444
271 0.8116854084812356
272 0.8017680531093347
273 0.7984825904349004
274 0.7960303481913019
275 0.8099850968703427
276 0.8075260804769
277 0.8100460642189405
278 0.7976900149031296
279 0.8075260804769
280 0.8026215959897034
281 0.8034412681208508
282 0.8026486925890801
283 0.8116515377320146
284 0.7976832407532854
285 0.8001625795962607
286 0.8042406178024658
287 0.7984961387345888
288 0.7952106760601545
289 0.8001422571467283
290 0.8042677144018425
291 0.8042406178024658
292 0.8099986451700312
293 0.7968771169218264
294 0.8050602899336134
295 0.8067335049451294
296 0.7993293591654249
297 0.8059138328139819
298 0.7968229237230727
299 0.8009687034277198
300 0.8092060696382605
301 0.8083660750575803
302 0.806719956645441
303 0.7976561441539086
304 0.7935645576480151
305 0.8026080476900148
306 0.8034412681208509
307 0.8009822517274081
308 0.8001558054464164
309 0.8018222463080884
310 0.8001490312965723
311 0.7985300094838099
312 0.795230998509687
313 0.7935510093483268
314 0.8001490312965723
315 0.8084134941064898
316 0.8034412681208508
317 0.8026148218398592
318 0.8001558054464166
319 0.8009958000270967
320 0.8059273811136702
321 0.7968703427719821
322 0.7960574447906789
323 0.8108454139005555
324 0.7976561441539086
325 0.7960438964909904
326 0.8042609402519982
327 0.8018086980084
328 0.8059138328139819
329 0.800142257146728
330 0.7952174502099987
331 0.7993090367158922
332 0.7985164611841215
333 0.7952106760601544
334 0.7976900149031297
335 0.7927516596667118
336 0.7902790949735808
337 0.798502912884433
338 0.7976900149031296
339 0.8034344939710067
340 0.8026419184392358
341 0.7976900149031296
342 0.7976900149031297
343 0.8034548164205392
344 0.792758433816556
345 0.7968364720227612
346 0.7944181005283838
347 0.7919387616854086
348 0.7960709930903672
349 0.8042541661021542
350 0.7935577834981711
351 0.7894391003929007
352 0.7952106760601544
353 0.7952039019103102
354 0.7952445468093755
355 0.7910716705053515
356 0.794391003929007
357 0.7960371223411462
358 0.7910919929548842
359 0.7968635686221379
360 0.79192521338572
361 0.7935645576480151
362 0.7935848800975477
363 0.7935984283972362
364 0.7993225850155805
365 0.7927313372171793
366 0.790285869123425
367 0.794397778078851
368 0.7861875084676873
369 0.7919184392358759
370 0.7927381113670233
371 0.7869462132502371
372 0.7960438964909905
373 0.795197127760466
